12
235 187 158 0 79 219 115 43 194 104 79 177 464
162 68 67 51 118 213 135 123 32 87 182 62 331
95 107 151 134 182 148 105 77 11 148 85 159 1264
72 59 184 43 15 48 14 108 161 12 112 143 -394
54 233 195 134 68 105 205 144 71 31 231 127 -305
24 87 147 156 175 5 47 76 126 11 13 103 840
60 194 28 55 74 193 167 1 53 164 41 193 294
72 150 89 56 152 147 58 53 50 49 203 29 1110
210 2 55 197 32 61 69 206 12 112 209 215 -768
20 9 149 172 124 179 178 77 120 151 63 132 223
2 149 84 142 71 69 31 148 184 170 47 212 -589
42 20 78 92 80 179 185 87 101 201 106 214 -820
