20
235 187 158 0 79 219 115 43 194 104 79 177 162 68 67 51 118 213 135 123 553
32 87 182 62 95 107 151 134 182 148 105 77 11 148 85 159 72 59 184 43 -824
15 48 14 108 161 12 112 143 54 233 195 134 68 105 205 144 71 31 231 127 -83
24 87 147 156 175 5 47 76 126 11 13 103 60 194 28 55 74 193 167 1 -1320
53 164 41 193 72 150 89 56 152 147 58 53 50 49 203 29 210 2 55 197 784
32 61 69 206 12 112 209 215 20 9 149 172 124 179 178 77 120 151 63 132 -192
2 149 84 142 71 69 31 148 184 170 47 212 42 20 78 92 80 179 185 87 -1576
101 201 106 214 11 44 207 40 110 44 124 16 15 129 21 127 184 144 26 210 -742
189 127 131 47 105 143 158 173 127 192 208 67 47 150 112 72 30 2 206 152 -15
218 204 122 7 87 158 128 43 85 204 161 168 122 140 169 74 188 60 167 212 156
17 24 198 20 193 193 189 6 7 81 122 244 89 185 233 27 36 242 189 142 372
16 6 84 106 98 172 105 241 5 201 212 191 82 221 111 23 93 123 221 58 -2018
177 128 181 51 82 67 189 162 147 82 175 183 145 11 15 213 113 92 163 78 692
157 108 112 226 140 191 66 7 51 236 220 184 29 152 45 20 45 218 9 97 -3760
178 34 79 66 124 158 33 29 9 182 115 163 129 29 12 72 95 42 82 197 -1386
244 186 194 106 227 15 42 16 67 86 71 82 133 137 144 98 121 180 141 104 -132
228 33 202 94 217 140 212 15 101 8 127 56 13 237 132 185 16 131 113 47 -856
69 206 107 101 34 94 111 125 190 162 161 30 186 141 148 91 49 206 140 189 652
98 178 186 0 163 148 141 5 80 27 125 189 43 24 90 145 146 138 15 230 -231
160 230 186 234 3 38 212 210 185 61 127 42 96 52 158 44 59 97 193 219 2409
